simulation generate 2026-03-06 10:04:32-->
815392330#0;;0.12613521695257315;2.8538516918646506;55.9402874701336;1521.0;0.0;0.6117;0.0
815392330#0;;0.12613521695257315;2.801596687542593;67.43601361061027;3415.3978224936263;0.00020938600626167642;0.6412981495772955;0.006778732692371237
815392330#0;;0.12613521695257315;2.7527545125612174;67.17700281617618;3445.927520250503;0.0007880795427924771;0.6690553993493532;0.013476279047524903
815392330#0;;0.12613521695257315;2.710632927704719;66.0614317703437;3309.640896111626;0.0014570907398688076;0.6862630569723266;0.01950516785270071
815392330#0;;0.12613521695257315;2.6647644019418126;67.38695974138794;3623.318981645092;0.0029596518647582496;0.7260684473743438;0.026527527067642262
815392330#0;;0.12613521695257315;2.6277614792396324;65.60890757297034;3337.84081417004;0.003632438226469238;0.7285697594065226;0.03220896607822644
815392330#0;;0.12613521695257315;2.5908274583260873;65.93737585425583;3454.605691190428;0.005199736247178736;0.7550891480715973;0.038316646577993135
815392330#0;;0.12613521695257315;2.553880059527126;66.30067027614642;3584.28176849383;0.007174435648104753;0.7846922149802552;0.044723735350957056
815392330#0;;0.12613521695257315;2.5201179561026312;65.7929452101635;3526.7895943331737;0.008589549487192599;0.7971841968899024;0.05062088477748461
815392330#0;;0.12613521695257315;2.4837251056937335;66.87429636387462;3822.3863847714388;0.01205844836881582;0.8461017918066951;0.057741450589277675
815392330#0;;0.12613521695257315;2.4448961102525897;67.98528798361262;4147.874090446883;0.016713614651839504;0.9052111455101705;0.06583997355745738
815392330#0;;0.12613521695257315;2.4075801981908724;67.99013075607279;4224.432639190506;0.020387015938058948;0.9387815229728428;0.07360036871206355
815392330#0;;0.12613521695257315;2.3833067485791344;64.39033468703451;3384.4559316535847;0.015598183798541825;0.846743217042393;0.07660663698480133
815392330#0;;0.12613521695257315;2.3549559142595733;65.8985651734313;3801.9872054826606;0.021383320126022166;0.9160163663945642;0.08366938005591619
815392330#0;;0.12613521695257315;2.3364997552725613;63.012003068226704;3081.6736252516457;0.015737597630873228;0.8250148984493539;0.08550721799605283
815392330#0;;0.12613521695257315;2.3099528402499745;65.80387710987014;3847.982479986177;0.02581372364351908;0.9471550467822648;0.09373753800572275
815392330#0;;0.12613521695257315;2.283274462827874;66.12964938505739;3978.9752407860933;0.029928697081757497;0.9818279580682996;0.10032920406840878
815392330#0;;0.12613521695257315;2.2621498205640282;64.52215362091296;3564.238833687035;0.026745087958779144;0.9282406824694078;0.10370491729324931
815392330#0;;0.12613521695257315;2.2323928382900347;67.74199446810138;4528.451390660345;0.043210715428253055;1.1019627439601412;0.11491932934297215
815392330#0;;0.12613521695257315;2.208008303693348;66.18744857202786;4122.279076192427;0.04033778302156934;1.0493140276636497;0.11931560022826972
815392330#0;;0.12613521695257315;2.191229399214172;63.70040298095369;3399.285784735854;0.030732278464870668;0.9324198975136769;0.12011642524528267
815392330#0;;0.12613521695257315;2.1727288983691038;64.4860347037932;3658.4968446107405;0.03686544645270779;0.986871681345105;0.12610741255449778
815392330#0;;0.12613521695257315;2.150801812616156;65.95428600086369;4146.503402215416;0.0480836259938144;1.0877824675817231;0.13449683708011037
815392330#0;;0.12613521695257315;2.127680903181575;66.6622221723492;4412.372894678084;0.056372371874059087;1.1521992666714165;0.14239745950991084
815392330#0;;0.12613521695257315;2.1052252765529595;66.68186091950352;4460.869805702967;0.06084599605412212;1.1763794489543953;0.14911616697485733
815392330#0;;0.12613521695257315;2.088658913080988;64.61597542271588;3794.010298144507;0.04929407385510396;1.054103630151053;0.14967969976342957
815392330#0;;0.12613521695257315;2.0667742656898835;66.93349205686911;4619.681575624784;0.0707436198035015;1.2343424632080027;0.16158712387221333
815392330#0;;0.12613521695257315;2.0509185653440265;64.73202492453227;3874.694636040014;0.056132959509001906;1.0899131932239137;0.16121215197395183
815392330#0;;0.12613521695257315;2.036164069945722;64.44689741126317;3787.0463935597854;0.05607888273493876;1.0789800627336945;0.16500235048320872
815392330#0;;0.12613521695257315;2.016931901584699;66.48466156643966;4553.564777775272;0.0782048292425806;1.2545437771694714;0.1767178867438178
815392330#0;;0.12613521695257315;1.9940250999940707;68.31889421452051;5279.363686497428;0.10193291568833462;1.4310122351429726;0.1900186201041814
815392330#0;;0.12613521695257315;1.9714375973155096;68.50663258013455;5408.532912528522;0.11094544684999244;1.4792993095210003;0.19895317191484588
815392330#0;;0.12613521695257315;1.9503159741131235;68.17251807780076;5333.196952143019;0.11406422361478716;1.4801185906273215;0.20585003396581097
815392330#0;;0.12613521695257315;1.927252074566786;69.38173643049107;5876.302817842415;0.13673814504820772;1.6285461544549542;0.2193454322015448
815392330#0;;0.12613521695257315;1.9118442561792546;66.14103932458674;4588.114812720025;0.10015903304361067;1.3331732315216958;0.21287983708791916
815392330#0;;0.12613521695257315;1.8902508273631586;69.28792697217777;5950.312945549755;0.15030948039780076;1.6825929378261641;0.23449621691278483
815392330#0;;0.12613521695257315;1.8779074535095863;65.15497917439492;4201.797389395495;0.09435400825094799;1.2598630397168902;0.22144015404147868
815392330#0;;0.12613521695257315;1.8599058945441904;68.05068954907438;5501.86323141404;0.14403020551806534;1.599026907158883;0.24203441043326904
815392330#1;;0.0020775287588708654;6.885666906407902;69.9020612031005;6379.862712340836;0.1827010918119372;1.8438357138995867;0.26044590440904547
815392330#1;;0.007333497140167269;6.843088575661605;65.29864387337187;4298.957627238594;0.10826670223895056;1.314405383606119;0.2417394049795317
815392330#1;;0.01272817372313248;6.7787452336192064;68.39375160472527;5776.684697646499;0.16965291444427516;1.715207475674723;0.2659298738277064
815392330#1;;0.01823036872747272;6.729696514456978;66.53137638696376;4915.815375888361;0.1395869391077191;1.4974093431253503;0.26130194165400966
815392330#1;;0.02385789242446158;6.673411357043237;67.72297449329346;5519.208913343105;0.16847008531005325;1.6718689135177072;0.27516748367770477
815392330#1;;0.029655980404135886;6.59830642311021;70.68798455354175;7022.841141488911;0.23902405323556097;2.1034289740710252;0.30345941026870754
815392330#1;;0.03368364322285099;6.547130290735008;67.50951183416895;5473.533130650026;0.17747676541468677;1.688706579428466;0.28982343714042813
815392330#1;;0.03368364322285099;6.496359474937328;67.65307165554546;5570.604690208588;0.18631144895400314;1.727763059356238;0.2974280150912536
815392330#1;;0.03368364322285099;6.443534023350506;68.16511565891733;5866.066858118077;0.20471029565572443;1.8244155400416342;0.30820283296983114
815392330#1;;0.03368364322285099;6.375653821839141;70.71652857812262;7266.994885330758;0.2777376686992293;2.2465192685359727;0.33705967413077514
815392330#1;;0.03368364322285099;6.3225192876029395;68.72769324599102;6239.6534121029;0.2349998979065075;1.9643913852435784;0.3296728551556529
815392330#1;;0.03368364322285099;6.266796427310426;69.37368059098483;6635.456751870013;0.26087952176830426;2.09685677285132;0.34332686960148506
815392330#1;;0.03368364322285099;6.215014217829728;68.99767542989588;6458.59110952173;0.2582206162027066;2.059611593150973;0.34807403274447263
815392330#1;;0.03368364322285099;6.178514706754553;66.80071707236827;5177.0814405446135;0.19640927633820596;1.6843878315405862;0.33342990549275786
815392330#1;;0.03368364322285099;6.14431247054913;66.58517606893648;5044.463928685058;0.19259961901314787;1.6514168127830104;0.33605042484242054
815392330#1;;0.03368364322285099;6.0860151214548;70.6598288212105;7527.961789177657;0.33137673475677376;2.425103028266717;0.3843735870646311
815392330#1;;0.03368364322285099;6.031475579761151;70.31400124042364;7372.364957879428;0.3309710446938943;2.3962633127330597;0.3904832434016522
815392330#1;;0.03368364322285099;5.980273778523424;70.01086297347227;7229.456097428497;0.33051711749350704;2.3692242180167007;0.3963095128978663
815392330#1;;0.03368364322285099;5.945742083957842;67.42262732637182;5581.497256412349;0.24153324819881264;1.8610952983924405;0.3735953567113275
815392330#1;;0.03368364322285099;5.894500264702269;70.44880454806011;7576.184408444161;0.3633862196463995;2.508619226174083;0.41645037090030446
815392330#1;;0.03368364322285099;5.853042252177913;68.97209583892385;6637.872303800775;0.3143127175175001;2.222161749492423;0.4067385970497796
815392330#1;;0.03368364322285099;5.809111290980329;69.6065878570483;7085.9053527827145;0.3474061091598428;2.380461880476921;0.4221607662600128
815392330#1;;0.03368364322285099;5.769053215653418;69.12468792928026;6775.747923304039;0.3343850366694369;2.2923891738614115;0.42329276017995604
815392330#1;;0.03368364322285099;5.728923213509737;69.3285227744888;6934.49693010464;0.35007239720700645;2.356980555390002;0.43315693730353727
815392330#1;;0.03368364322285099;5.683806179145289;70.44963874584623;7748.036746817863;0.40851544560626657;2.641142482529659;0.4566307070652515
815392330#1;;0.03368364322285099;5.641054008305056;70.2381517282764;7627.952788609444;0.4081306521207838;2.6167681172690536;0.46217417864253596
815392330#1;;0.03368364322285099;5.588218474681263;72.43479697612271;9241.875327171225;0.5236894749690048;3.1806816694199807;0.5041008944169472
815392330#1;;0.03368364322285099;5.551895115865478;69.50427617180894;7126.697800546766;0.38996442346849947;2.4786144973390014;0.4688112430211408
815392330#1;;0.03368364322285099;5.509735450941579;70.82122139013744;8147.751026338783;0.4662829732626392;2.8421963269138244;0.4976698331142203
815392330#1;;0.03368364322285099;5.465435733873394;71.48394055356519;8685.904843285278;0.512014839963375;3.0454074517480425;0.5177213678162644
815392330#1;;0.03368364322285099;5.415126098755486;72.99374370412677;9887.520402862467;0.6072901583099619;3.4855135836057114;0.5536812274501718
815392330#1;;0.03368364322285099;5.367430676424583;72.75356199665647;9769.507207772178;0.6104348594990879;3.4679729167584687;0.5616541372150385
815392330#1;;0.03368364322285099;5.338373951173605;69.19231830263517;6884.107102898147;0.4078621961086566;2.463134975787221;0.5049937134349605
815392330#1;;0.03368364322285099;5.289034048215003;73.60314894725781;10548.746093633848;0.6872763319271314;3.784371897789504;0.5966446728888483
815392330#1;;0.03368364322285099;5.241184485677539;73.59752079973615;10619.617111035754;0.7055467020100505;3.835814794967618;0.6095688689527008
815392330#1;;0.03368364322285099;5.203140381567324;71.72330664251285;9105.398373417462;0.6002989641612014;3.308849478080873;0.5838791016952737
815392330#1;;0.03368364322285099;5.193168647069459;66.50313721118144;3983.9028264726217;0.20980087567874983;1.4573778763159724;0.467865253361109
815392330#1;;0.03368364322285099;5.211135630740253;63.38578287075191;0.0;0.0;0.0;0.0
815392330#1;;0.03368364322285099;5.190690132022928;68.28248224443841;5931.497466546092;0.3595441400770142;2.1637833820665313;0.5133589766149315
815392330#1;;0.03368364322285099;5.195570176230149;64.56114684451245;1221.2359921636096;0.0;0.4563348967393438;0.4036559350094054
815392330#1;;0.03368364322285099;5.202336284861803;64.34222976993983;0.0;0.0;0.0;0.0
815392330#1;;0.03368364322285099;5.1895834160812875;66.95781816820384;4507.914418342843;0.250366985069491;1.6478471929368208;0.48065577457991243
815392330#1;;0.03368364322285099;5.202839014772352;63.76063189018303;0.0;0.0;0.0;0.0
815392330#1;;0.03368364322285099;5.20382135884662;64.96701447063005;1943.5218315285808;0.05296562533980441;0.7179902512651124;0.41893323956799605
815392330#1;;0.03368364322285099;5.188864005515171;67.32575881351687;4919.291895969583;0.2820457863351248;1.7971527615571241;0.49031148228015886
815392330#1;;0.03368364322285099;5.199664749544741;63.9766432207888;0.0;0.0;0.0;0.0
815392330#1;;0.03368364322285099;5.188933321989261;66.63820307392734;4133.464705956455;0.2216684975983138;1.512154572175357;0.4721168743258052
815392330#1;;0.03368364322285099;5.198520162439319;64.08858994069166;0.0;0.0;0.0;0.0
815392330#1;;0.03368364322285099;5.206482581993037;64.20984645086462;0.0;0.0;0.0;0.0
815392330#1;;0.03368364322285099;5.204726385764861;65.30048999256722;2448.6204290844016;0.09151451582298913;0.9006643893340438;0.43039883184067895
815392330#1;;0.03368364322285099;5.1977220599558125;66.04188821925963;3426.2347277963686;0.16669257214695993;1.2548682324867082;0.4541554997919584
815392330#1;;0.03368364322285099;5.201820934490062;64.62122036901195;1367.1390651490096;0.008959209158180582;0.5094275237522043;0.4059984851122653
815392330#1;;0.03368364322285099;5.2044633914861;64.77242241060313;1636.569155614008;0.029499710761966634;0.6069748489472753;0.41176399220500287
815392330#1;;0.03368364322285099;5.201175010116987;65.51330893991889;2734.6245723465754;0.11354837828799169;1.0042704778587668;0.43759992820840005
815392330#1;;0.03368364322285099;5.187986215330036;67.03554426749058;4592.740112033995;0.25705214631596024;1.6788703166499437;0.4829248518561122
815392330#1;;0.03368364322285099;5.20703850762498;63.33146574304506;0.0;0.0;0.0;0.0
815392330#1;;0.03368364322285099;5.204222498710914;65.43940234266194;2644.5352516260605;0.10650326869731738;0.9715397044935807;0.43499306825305306
815392330#1;;0.03368364322285099;5.196537093279042;66.14580231324405;3554.168911079995;0.17658004395711063;1.301311443743036;0.45732233002246414
815392330#1;;0.03368364322285099;5.209867951344787;63.72777756645867;0.0;0.0;0.0;0.0
815392330#2;;0.002642112743231287;1.6245761067880062;68.5004498103606;6148.235869033842;0.3765441680232657;2.242991995802313;0.5188617449437318
815392330#2;;0.03423326861325642;1.6266781232667569;64.37506117794545;0.0;0.0;0.0;0.0
815392330#2;;0.06578396446923802;1.627749433388196;64.70802951355863;1492.7441090262407;0.01862526434150813;0.554772852455515;0.40944959471431275
815392330#2;;0.09690211180223152;1.6392913660908142;62.425070106493365;0.0;0.0;0.0;0.0
815392330#2;;0.10757314974182444;1.665728029377525;61.495590151237664;0.0;0.0;0.0;0.0
815392330#2;;0.10757314974182444;1.6930313512225297;61.05841057764421;0.0;0.0;0.0;0.0
815392330#2;;0.10757314974182444;1.7212446585924652;60.60797422356501;0.0;0.0;0.0;0.0
815392330#2;;0.10757314974182444;1.7504142154644888;60.143443535473196;0.0;0.0;0.0;0.0
815392330#2;;0.10757314974182444;1.7805894759808072;59.6638995357067;0.0;0.0;0.0;0.0
815392330#2;;0.10757314974182444;1.8118233642471928;59.16833113359935;0.0;0.0;0.0;0.0
815392330#2;;0.10757314974182444;1.844170460635113;58.6556773492829;0.0;0.0;0.0;0.0
815392330#2;;0.10757314974182444;1.8776957613168281;58.124574401930175;0.0;0.0;0.0;0.0
815392330#2;;0.10757314974182444;1.91246254852573;57.573747138912765;0.0;0.0;0.0;0.0
815392330#2;;0.10757314974182444;1.9485410840546287;57.00164795008448;0.0;0.0;0.0;0.0
815392330#2;;0.10757314974182444;1.986007033585025;56.40657096244817;0.0;0.0;0.0;0.0
815392330#2;;0.10757314974182444;2.0249419963937134;55.78660356298039;0.0;0.0;0.0;0.0
815392330#2;;0.10757314974182444;2.0654340986135886;55.1395941483958;0.0;0.0;0.0;0.0
815392330#2;;0.10757314974182444;2.107578659126313;54.4631143868061;0.0;0.0;0.0;0.0
815392330#2;;0.10757314974182444;2.151478938677131;53.75441539043679;0.0;0.0;0.0;0.0
815392330#2;;0.10757314974182444;2.197246984604449;53.01037754917576;0.0;0.0;0.0;0.0
815392330#2;;0.10757314974182444;2.2450045857315977;52.22745463523631;0.0;0.0;0.0;0.0
815392330#2;;0.10757314974182444;2.2948843545539686;51.401614673548075;0.0;0.0;0.0;0.0
:301754863_2;;0.02942777622158825;1.121117199319023;50.52824554252019;0.0;0.0;0.0;0.0
:301754863_2;;0.11828080427847856;1.1254540468330763;58.04870639728204;0.0;0.0;0.0;0.0
:301754863_2;;0.2056283300836249;1.144852118914948;55.337607208622366;0.0;0.0;0.0;0.0
:301754863_2;;0.29336147253955797;1.1398201090338056;59.84667455519776;2039.739329298879;0.014593321844673518;0.7106011688173304;0.15900668123542866
:301754863_2;;0.3812572433405729;1.1377111673141533;59.27568739350103;1806.35456931306;0.008620477961403441;0.6597998054910745;0.15750166825416018
:301754863_2;;0.4704699130238309;1.1209170217082571;62.397758697933824;3034.0711596772376;0.04112730798566258;0.9303930066759882;0.1696715726747964
:301754863_2;;0.5596825827070888;1.1209170217082571;58.917309217398014;1638.02245246555;0.0044117144314055655;0.6230500251671011;0.15861413102201682
:301754863_2;;0.6488952523903467;1.1209170217082571;58.917309217398014;1638.02245246555;0.0044117144314055655;0.6230500251671011;0.15861413102201682
:301754863_2;;0.7381079220736046;1.1209170217082571;58.917309217398014;1638.02245246555;0.0044117144314055655;0.6230500251671011;0.15861413102201682
:301754863_2;;0.7541478129713424;1.1209170217082571;58.917309217398014;1638.02245246555;0.0044117144314055655;0.6230500251671011;0.15861413102201682
:301754863_2;;0.7541478129713424;1.1209170217082571;58.917309217398014;1638.02245246555;0.0044117144314055655;0.6230500251671011;0.15861413102201682
27485708;;0.1904776167399902;0.033813484817745314;58.917309217398014;1638.02245246555;0.0044117144314055655;0.6230500251671011;0.15861413102201682
:251674120_3;;0.0448012053652209;1.63869687448148;66.19582646968097;4501.117841020224;0.0830166214749534;1.264955169228508;0.18707359682670627
:251674120_3;;0.10740813856637463;1.597267185707753;65.5265178044226;4265.237846785648;0.07932751284701132;1.2214521275377999;0.19027893899900444
:251674120_3;;0.17239629871399273;1.5387418227082257;69.05406924617583;5692.261404070632;0.12597827177630339;1.5679613316057752;0.21083236704673886
:251674120_3;;0.23899963032087923;1.5014263939562524;65.85354787310227;4444.552968780702;0.09186780957319292;1.2868605234286514;0.204978038502472
:251674120_3;;0.30785677439728343;1.4522821319606218;68.67969461314276;5643.360539625597;0.1345954894609635;1.5897396063952924;0.22402117304070743
:251674120_3;;0.3789300797833815;1.4069980206599484;68.61923019027772;5672.535698930969;0.141363630205625;1.6153203880634017;0.232142073262741
:251674120_3;;0.4521529411108336;1.3656936943887068;68.43326765694093;5643.455408347497;0.1460212771654473;1.6256107307017902;0.23945462113080904
:251674120_3;;0.501002004008016;1.33717620937598;66.02589802344598;4609.809456601297;0.11321260675179676;1.3758529060570601;0.23387333771923835
:251674120_3;;0.501002004008016;1.307238239276847;66.74030656534731;4952.613624321533;0.1292339435651129;1.47388628109911;0.2434198992731269
:251674120_3;;0.501002004008016;1.2849547190058224;65.20940000013748;4255.275773413988;0.1059867345826966;1.3012845509668;0.2400800829415922
:251674120_3;;0.501002004008016;1.2486554038163447;69.23230131389643;6162.699953991059;0.1842575411990238;1.815919258435219;0.26990527015444854
:251674120_3;;0.501002004008016;1.2225134726819564;66.9987124379024;5141.3342092409775;0.14850735974613244;1.5574279408990939;0.26387885699408864
:251674120_3;;0.501002004008016;1.186565596557141;70.34640086312693;6799.606514908519;0.22298593685750115;2.0238558642132842;0.2931795363354503
-27486971#2;;0.654751862060241;0.02338363676708422;66.01258609179735;4685.708702658107;0.13834246913165354;1.4570900549648103;0.2716428422438062
:11876446088_0;;0.7348233259369459;0.12537680200986587;69.37733732183906;6418.950716735087;0.2184729150233895;1.9512110879051945;0.30191976502695506
-27486971#1;;0.009492622800466885;7.014709892015054;59.554862321373605;0.0;0.0;0.0;0.0
-27486971#1;;0.023833500329916983;6.973073983418536;62.67008851274707;2846.133582749924;0.06276938668038834;0.9570973425413782;0.25527273055187266
-27486971#1;;0.03811570336396829;7.001720936299694;59.77691603061836;0.0;0.0;0.0;0.0
-27486971#1;;0.05249045963427614;6.956639689714779;62.84741756254449;2945.9658873330827;0.06734053895667126;0.9853511705394874;0.2572279398279038
-27486971#1;;0.06690455098067165;6.937655492588978;61.71842078194669;2254.7241416962024;0.03722539328446194;0.7928557442058903;0.24883014857430366
-27486971#1;;0.08119576859346896;6.997304408159964;58.73789589810271;0.0;0.0;0.0;0.0
-27486971#1;;0.08164598301763552;6.967158352769664;62.16852236105402;2544.189812497455;0.04964616808712239;0.8731321705811457;0.25152840434778206
-27486971#1;;0.08164598301763552;7.00954617125772;59.29118758751822;0.0;0.0;0.0;0.0
-27486971#1;;0.08164598301763552;7.03303078233134;59.94213767187667;0.0;0.0;0.0;0.0
-27486971#1;;0.08164598301763552;6.935627466981334;65.36102024348064;4349.306498212063;0.12927676525385579;1.3778697470442887;0.27662476876128894
-27486971#1;;0.08164598301763552;7.009991238098966;58.29183570685054;0.0;0.0;0.0;0.0
-27486971#1;;0.08164598301763552;6.984354506289286;61.95249552332211;2418.6202663035883;0.04400494263646401;0.8378769793362811;0.24922605891745697
-27486971#1;;0.08164598301763552;6.967758870380955;61.5843899659092;2183.1888983684435;0.03386574268838682;0.7725576781733718;0.2467547730671818
-27486971#1;;0.08164598301763552;6.961036237695103;61.17881752641808;1920.2965241479485;0.02241330492515705;0.6993567833363699;0.24354239281072937
-27486971#1;;0.08164598301763552;6.988943811319876;59.81267041898477;0.0;0.0;0.0;0.0
-27486971#1;;0.08164598301763552;6.9963371154169085;60.58014118132376;1541.7543227570745;0.0057706121973822334;0.5939775602508754;0.2372925723723903
-27486971#1;;0.08164598301763552;6.938914380736194;63.43994789693468;3285.3349903576714;0.08247465235230149;1.080600126767823;0.262412961146778
-27486971#1;;0.08164598301763552;6.945464735971474;60.65657505857649;1563.3304073721247;0.006836457931121213;0.5998148517901059;0.2394012540345573
-27486971#1;;0.08164598301763552;6.986026905289586;59.36859830743274;0.0;0.0;0.0;0.0
-27486971#1;;0.08164598301763552;7.001292929444428;60.27266235451621;1332.997910299567;0.0;0.5359982064343021;0.23438502721495202
-27486971#1;;0.08164598301763552;6.990317086648438;61.32588961907004;2029.2833789416206;0.027005215931073766;0.7295209971727916;0.2438978317412942
-27486971#1;;0.08164598301763552;6.99325019605992;60.75853717880931;1660.187615182483;0.010930201878591806;0.6268909923294024;0.23895416957264196
-27486971#1;;0.08164598301763552;7.0107124235956295;60.182338846774364;1275.8768318413183;0.0;0.5202178707770064;0.23330915845676778
-27486971#1;;0.08164598301763552;6.9543291022487255;63.368312385160635;3247.3911773868826;0.08057235453222084;1.0694731208122672;0.26129446241290377
-27486971#1;;0.08164598301763552;6.936475015829496;61.67130430701076;2224.5216796418636;0.03590771613426807;0.7844357373879292;0.24847521181562623
-27486971#1;;0.08164598301763552;6.982642034673495;59.18127195012492;0.0;0.0;0.0;0.0
-27486971#1;;0.08164598301763552;6.9798181258294685;61.00167659393172;1814.062157779562;0.01768321660122832;0.6697012094153857;0.24145776543965639
-27486971#1;;0.08164598301763552;6.998042143833596;60.16340193207992;0.0;0.0;0.0;0.0
-27486971#1;;0.08164598301763552;7.019414274201317;60.029890387963185;0.0;0.0;0.0;0.0
-27486971#1;;0.08164598301763552;7.027307834500313;60.534802652837186;1529.3798506769936;0.005164244343986248;0.5906572247270443;0.23603471314317023
-27486971#1;;0.08164598301763552;7.031399753703268;60.67974221219275;1629.0077077153042;0.009461289329632971;0.6182853039082913;0.2371874995695914
-27486971#1;;0.08164598301763552;6.961893063774505;63.969231786656415;3588.7023579577917;0.0953861657826627;1.164335254592423;0.2654890510880258
-27486971#1;;0.08164598301763552;6.940216819668846;61.83141439606495;2326.586947430984;0.04036053557865786;0.8128870791095583;0.24968347895757945
-27486971#1;;0.08164598301763552;6.994898093963547;58.89578870980792;0.0;0.0;0.0;0.0
-27486971#1;;0.08164598301763552;7.021899196630615;59.82210106271654;0.0;0.0;0.0;0.0
-27486971#1;;0.08164598301763552;6.976094553908164;62.853501502725784;2954.611992943136;0.06746597404502984;0.9872188877966441;0.25658114955059697
-27486971#1;;0.08164598301763552;7.008961483550531;59.62123747690303;0.0;0.0;0.0;0.0
-27486971#1;;0.08164598301763552;6.9633345022914614;62.86295693052084;2956.828772793028;0.06772873949591783;0.9881925571174434;0.25710883297104836
-27486971#1;;0.08164598301763552;6.941954128324789;61.81671679880505;2318.1173111314597;0.039974292698512735;0.8104986020448103;0.24950556407302998
-27486971#1;;0.08164598301763552;7.034406361508181;57.78956510974928;0.0;0.0;0.0;0.0
-27486971#1;;0.08164598301763552;6.978180851089759;63.32524500264113;3227.611750227691;0.07934663384940865;1.0631462888126992;0.26008600777215884
-27486971#1;;0.08164598301763552;6.944690811276135;62.34323456167675;2642.3642138351247;0.05417667416277517;0.9009529389561443;0.2536858623499984
-27486971#1;;0.08164598301763552;7.011634991922828;58.507377194388646;0.0;0.0;0.0;0.0
-27486971#1;;0.08164598301763552;6.938596032126546;64.17626791604528;3701.2098363041805;0.10074370317316844;1.1967320291831338;0.26792624894683004
-27486971#1;;0.08164598301763552;6.984993396174868;59.172103272311396;0.0;0.0;0.0;0.0
-27486971#1;;0.08164598301763552;6.940825783527328;62.82759583481117;2930.086799311955;0.06684927584075016;0.981357709682726;0.2576393601534689
-27486971#1;;0.08164598301763552;6.943020815678084;60.832505382907264;1681.3449284697504;0.012021580580879904;0.632747443587749;0.24104939210941073
-27486971#1;;0.08164598301763552;6.95955486690557;60.25719207858359;1294.183023244928;0.0;0.5248341903764019;0.23534570941235028
-27486971#1;;0.08164598301763552;6.9512902258349865;61.25206142266349;1963.057733442484;0.024338096202696887;0.7113314935494739;0.2444660486529488
-27486971#1;;0.08164598301763552;7.006594162538079;58.86888355889533;0.0;0.0;0.0;0.0
-27486971#1;;0.08164598301763552;6.954534003292039;63.16873218672278;3132.5580964937662;0.07553995139768897;1.0374433298532144;0.2597716445925121
-27486971#1;;0.08164598301763552;6.983349044548985;59.78382060976582;0.0;0.0;0.0;0.0
-27486971#1;;0.08164598301763552;6.991132657376975;60.56925514406685;1531.240335874181;0.005325105876419394;0.5910355043158211;0.23734005570836075
-27486971#1;;0.08164598301763552;6.962852667050784;62.092076683647704;2496.118845668044;0.0475865602433878;0.8598166299741961;0.2510596900690953
-27486971#1;;0.08164598301763552;6.974801903880925;60.42087119528581;1419.115414852017;0.0004683891486430992;0.5597561093499542;0.23644920301584668
-27486971#1;;0.08164598301763552;6.983358003308835;60.54559127619428;1510.3922900871676;0.004434046348857535;0.5852053898300106;0.23734358399095679
-27486971#1;;0.08164598301763552;6.941289138244763;62.73187058103733;2873.683165509718;0.06436734835550983;0.9655993583854562;0.25687546386568405
-27486971#1;;0.08164598301763552;7.023853444732688;58.055581609831954;0.0;0.0;0.0;0.0
-27486971#1;;0.08164598301763552;6.936371447544913;64.87528360649367;4086.215951897265;0.11770044567210247;1.3043523074601964;0.2731119736188977
-27486971#1;;0.08164598301763552;6.9730157551926535;59.512775253867225;0.0;0.0;0.0;0.0
-27486971#1;;0.08164598301763552;6.995572919411493;60.00369614574568;0.0;0.0;0.0;0.0
-27486971#1;;0.08164598301763552;6.936437323652281;63.523624196105246;3332.7339542114105;0.0845958045366247;1.0939249828019784;0.26313968472195537
-27486971#1;;0.08164598301763552;6.978644521598408;59.317245049673026;0.0;0.0;0.0;0.0
-27486971#1;;0.08164598301763552;6.971737195723193;61.17609326140162;1923.8697155933041;0.02251360455684725;0.7003001819874617;0.2431960629163966
-27486971#1;;0.08164598301763552;6.950610933173607;61.79617343000107;2308.8144443579154;0.03949503692834554;0.8077845911008054;0.24905479670227487
-27486971#1;;0.08164598301763552;7.020630438220995;58.41129997766063;0.0;0.0;0.0;0.0
-27486971#1;;0.08164598301763552;6.939865166955796;64.54404383580348;3905.004262916136;0.10966797508417005;1.2535729138131761;0.27056890583652565
-27486971#1;;0.08164598301763552;6.974256564618294;59.59104439826278;0.0;0.0;0.0;0.0
-27486971#1;;0.08164598301763552;7.022184598424925;59.09812450552351;0.0;0.0;0.0;0.0
-27486971#1;;0.08164598301763552;6.960780991096156;63.59142831372988;3375.8257015646673;0.0860928080273057;1.1050483209558846;0.26272940888991037
